Binary 

121222024|0
60611012 |0
30305506 |0
15152753 |1
7576376  |0
3788188  |0
1894094  |0
947047   |1
473523   |1
236761   |1
118380   |0
59190    |0
29595    |1
14797    |1
7398     |0
3699     |1
1849     |1
924      |0
462      |0
231      |1
115      |1
57       |1
28       |0
14       |0
7        |1
3        |1
1        |1

(111001110011011001110001000)2

---------------------------------------

Octal

121222024|0
15152753 |1
1894094  |6
236761   |1
29595    |3
3699     |3
462      |6
57       |1
7        |8

(716331610)8

-------------------------------------

Hexadecimal

121222024|8
7576376  |8
473523   |3
29595    |B
1849     |9
115      |3
7        |7

(739B388)16

--------------------------------------
20102022

Binary

20102022|0
10051011|1
5025505 |1
2512752 |0
1256376 |0
628188  |0
314094  |0
157047  |1
78523   |1
39261   |1
19630   |0
9815    |1
4907    |1
2453    |1
1226    |0
613     |1
306     |0
153     |1
76      |0
38      |0
19      |1
9       |1
4       |0
2       |0
1       |1

(1001100101011101110000110)2

-----------------------------------------
20102022

Octal

20102022|6
2512752 |0
314094  |6
39261   |5
4907    |3
613     |5
76      |4
9       |1
1       |1

(114535606)8

------------------------------------------
20102022

Hex

20102022|6
1256376 |8
78523   |B
4907    |B
306     |2
19      |3
1       |1

(132BB86)16

